RT:
  rows: 4
  cols: 4
  dt: d
  data: [0.999236, -0.032401, -0.021833, -0.382020, -0.023153, -0.040921, -0.998894, 2.046523, 0.031472, 0.998637, -0.041640, -0.974348, 0.000000, 0.000000, 0.000000, 1.000000]
INTRINS:
  rows: 3
  cols: 4
  dt: d
  data: [1350.244430, 0.000000, 689.272122, 0.000000, 0.000000, 1341.860350, 479.866391, 0.000000, 0.000000, 0.000000, 1.000000, 0.000000]
