RT:
  rows: 4
  cols: 4
  dt: d
  data: [0.999762, -0.000372, 0.021811, 0.408603, 0.021803, -0.016010, -0.999634, 1.975702, 0.000721, 0.999872, -0.015998, -1.019114, 0.000000, 0.000000, 0.000000, 1.000000]
INTRINS:
  rows: 3
  cols: 4
  dt: d
  data: [1346.974018, 0.000000, 639.002376, 0.000000, 0.000000, 1340.223078, 501.529063, 0.000000, 0.000000, 0.000000, 1.000000, 0.000000]
