image_width: 1280
image_height: 960
camera_name: rgb_left
camera_matrix:
  rows: 3
  cols: 3
  dt: d
  data: [1346.974018, 0.000000, 639.002376, 0.000000, 1340.223078, 501.529063, 0.000000, 0.000000, 1.000000]
distortion_model: plumb_bob
distortion_coefficients:
  rows: 1
  cols: 5
  dt: d
  data: [-0.146121, 0.512800, -0.001778, -0.002791, -1.242925]
rectification_matrix:
  rows: 3
  cols: 3
  dt: d
  data: [1.000000, 0.000000, 0.000000, 0.000000, 1.000000, 0.000000, 0.000000, 0.000000, 1.000000]
projection_matrix:
  rows: 3
  cols: 4
  dt: d
  data: [1326.874756, 0.000000, 640.933351, 0.000000, 0.000000, 3472.234131, 1315.078138, 0.000000, 0.000000, 0.000000, 1.000000, 0.000000]
